I am a Scheduler, it takes me 0s, and 5857 ns for initialization!
Time	NumTaskFin	NumTaskWait	NumTaskReady	NumIdleCore	NumAllCore	NumWorkSteal	NumWorkStealFail
1429550787028650	0	1000	0	1	1	0	0
1429550787139618	1	997	0	0	1	0	0
1429550787249001	3	996	0	1	1	0	0
1429550787376144	4	994	0	0	1	0	0
1429550787495713	6	992	0	0	1	0	0
1429550787627755	9	990	0	1	1	0	0
1429550787734905	11	988	0	1	1	0	0
1429550787850934	11	986	1	0	1	0	0
1429550787965156	14	985	0	1	1	0	0
1429550788082655	15	983	0	0	1	0	0
1429550788195092	17	981	0	0	1	0	0
1429550788302533	18	980	0	0	1	0	0
1429550788413912	20	978	0	0	1	0	0
1429550788523755	21	977	0	0	1	0	0
1429550788636009	24	975	0	1	1	0	0
1429550788737818	25	973	1	1	1	0	0
1429550788858817	26	972	0	0	1	0	0
1429550788986310	27	971	0	0	1	0	0
1429550789094218	29	969	1	1	1	0	0
1429550789203524	31	968	0	1	1	0	0
1429550789306204	31	967	0	0	1	0	0
1429550789409529	34	965	0	1	1	0	0
1429550789535917	35	963	0	0	1	0	0
1429550789638106	36	962	0	0	1	0	0
1429550789763539	37	961	0	0	1	0	0
1429550789870956	39	959	0	0	1	0	0
1429550789985570	40	958	0	0	1	0	0
1429550790091620	42	956	0	0	1	0	0
1429550790199227	43	955	1	1	1	0	0
1429550790303753	45	954	0	1	1	0	0
1429550790413960	46	953	0	1	1	0	0
1429550790567659	48	951	0	1	1	0	0
1429550790675538	49	950	0	1	1	0	0
1429550790783713	50	948	0	0	1	0	0
1429550790891148	51	947	0	0	1	0	0
1429550791020929	53	945	0	0	1	0	0
1429550791130279	55	943	0	0	1	0	0
1429550791233540	57	942	0	1	1	0	0
1429550791346109	58	940	1	1	1	0	0
1429550791455917	60	939	0	1	1	0	0
1429550791559085	61	937	0	0	1	0	0
1429550791670464	63	935	0	0	1	0	0
1429550791782247	64	934	0	0	1	0	0
1429550791935125	67	932	0	1	1	0	0
1429550792040938	68	930	0	0	1	0	0
1429550792154938	69	929	0	0	1	0	0
1429550792264572	71	927	0	0	1	0	0
1429550792382644	72	926	0	0	1	0	0
1429550792489898	74	924	0	0	1	0	0
1429550792597828	76	922	1	1	1	0	0
1429550792719687	78	921	0	1	1	0	0
1429550792833751	80	919	0	1	1	0	0
1429550792951519	80	918	0	0	1	0	0
1429550793060724	82	917	0	1	1	0	0
1429550793175431	84	915	0	1	1	0	0
1429550793287987	85	913	0	0	1	0	0
1429550793399588	87	912	0	1	1	0	0
1429550793506104	88	910	0	0	1	0	0
1429550793614938	89	908	1	0	1	0	0
1429550793734976	92	907	0	1	1	0	0
1429550793879292	94	905	0	1	1	0	0
1429550793986622	96	903	0	1	1	0	0
1429550794088737	97	901	0	0	1	0	0
1429550794200484	98	900	1	1	1	0	0
1429550794304247	99	899	0	0	1	0	0
1429550794416739	101	898	0	1	1	0	0
1429550794534740	103	896	0	1	1	0	0
1429550794650877	105	894	0	1	1	0	0
1429550794763181	106	892	0	0	1	0	0
1429550794869948	108	891	0	1	1	0	0
1429550794972721	109	889	1	1	1	0	0
1429550795074402	111	888	0	1	1	0	0
1429550795186019	112	886	0	0	1	0	0
1429550795292588	113	885	0	0	1	0	0
1429550795407545	115	883	0	0	1	0	0
1429550795524207	117	882	0	1	1	0	0
1429550795626337	118	880	0	0	1	0	0
1429550795747792	120	878	0	0	1	0	0
1429550795873158	123	876	0	1	1	0	0
1429550795987200	124	875	0	1	1	0	0
1429550796090404	125	873	0	0	1	0	0
1429550796202284	126	873	0	0	1	0	0
1429550796309199	128	871	0	1	1	0	0
1429550796420424	129	870	0	1	1	0	0
1429550796531554	131	868	0	1	1	0	0
1429550796639804	132	866	1	1	1	0	0
1429550796745848	134	864	0	0	1	0	0
1429550796859393	136	862	0	0	1	0	0
1429550796976112	137	860	1	0	1	0	0
1429550797084402	140	859	0	1	1	0	0
1429550797191312	141	857	0	0	1	0	0
1429550797305769	143	856	0	1	1	0	0
1429550797417050	144	854	0	0	1	0	0
1429550797532468	146	852	0	0	1	0	0
1429550797636550	149	850	0	1	1	0	0
1429550797755531	151	848	0	1	1	0	0
1429550797877308	152	846	0	0	1	0	0
1429550798008888	153	845	0	0	1	0	0
1429550798124681	155	843	0	0	1	0	0
1429550798235161	157	841	0	0	1	0	0
1429550798347683	158	840	0	0	1	0	0
1429550798455527	160	838	0	0	1	0	0
1429550798566076	161	837	1	0	1	0	0
1429550798673077	163	835	0	0	1	0	0
1429550798788735	165	833	0	0	1	0	0
1429550798898965	167	831	0	0	1	0	0
1429550799002119	168	830	0	0	1	0	0
1429550799109238	170	829	0	1	1	0	0
1429550799232938	171	826	1	0	1	0	0
1429550799343358	173	825	0	0	1	0	0
1429550799470744	174	823	1	0	1	0	0
1429550799577901	177	822	0	1	1	0	0
1429550799690309	178	820	0	0	1	0	0
1429550799799559	180	819	0	1	1	0	0
1429550799906935	181	817	0	0	1	0	0
1429550800015544	182	815	1	0	1	0	0
1429550800122975	184	814	1	1	1	0	0
1429550800231560	186	812	1	1	1	0	0
1429550800338125	187	811	0	0	1	0	0
1429550800441673	188	809	2	1	1	0	0
1429550800555083	190	808	0	0	1	0	0
1429550800674871	192	805	1	0	1	0	0
1429550800783977	195	803	0	0	1	0	0
1429550800886973	196	802	1	1	1	0	0
1429550800989558	198	800	1	1	1	0	0
1429550801118190	199	799	0	0	1	0	0
1429550801231709	200	798	0	0	1	0	0
1429550801349742	202	796	0	0	1	0	0
1429550801460574	204	794	1	1	1	0	0
1429550801576019	206	792	0	0	1	0	0
1429550801685257	207	790	1	0	1	0	0
1429550801787366	210	789	0	1	1	0	0
1429550801899032	212	787	0	1	1	0	0
1429550802026918	215	784	0	1	1	0	0
1429550802131880	216	782	0	0	1	0	0
1429550802251582	218	780	0	0	1	0	0
1429550802355225	220	778	1	1	1	0	0
1429550802467682	222	776	1	1	1	0	0
1429550802570583	224	774	0	0	1	0	0
1429550802675066	225	772	1	0	1	0	0
1429550802791481	228	770	1	1	1	0	0
1429550802904457	230	768	1	1	1	0	0
1429550803007452	232	766	0	0	1	0	0
1429550803113402	233	765	1	1	1	0	0
1429550803216644	235	763	0	0	1	0	0
1429550803337625	237	762	0	1	1	0	0
1429550803440325	238	760	0	0	1	0	0
1429550803543006	240	758	0	0	1	0	0
1429550803664331	241	756	1	0	1	0	0
1429550803774378	244	754	0	0	1	0	0
1429550803884638	246	752	0	0	1	0	0
1429550803991306	248	751	0	1	1	0	0
1429550804096246	249	749	0	0	1	0	0
1429550804224900	251	747	0	0	1	0	0
1429550804336395	253	745	0	0	1	0	0
1429550804454595	255	744	0	1	1	0	0
1429550804567997	257	742	0	1	1	0	0
1429550804693695	259	740	0	1	1	0	0
1429550804803977	260	737	1	0	1	0	0
1429550804907557	263	735	0	0	1	0	0
1429550805021695	265	733	0	0	1	0	0
1429550805125656	267	731	0	0	1	0	0
1429550805246613	268	730	1	1	1	0	0
1429550805349815	270	729	0	1	1	0	0
1429550805475057	272	727	0	1	1	0	0
1429550805578335	273	725	0	0	1	0	0
1429550805686133	275	723	0	0	1	0	0
1429550805793598	277	721	1	1	1	0	0
1429550805910542	279	720	0	1	1	0	0
1429550806018271	281	717	1	1	1	0	0
1429550806129594	282	716	1	1	1	0	0
1429550806243503	283	715	0	0	1	0	0
1429550806352134	285	712	1	0	1	0	0
1429550806466176	288	711	0	1	1	0	0
1429550806572072	289	709	1	1	1	0	0
1429550806703815	292	706	0	0	1	0	0
1429550806812594	294	704	0	0	1	0	0
1429550806921575	296	702	1	1	1	0	0
1429550807032242	298	701	0	1	1	0	0
1429550807139939	299	698	1	0	1	0	0
1429550807242644	301	697	0	0	1	0	0
1429550807351918	303	695	0	0	1	0	0
1429550807468729	305	692	1	0	1	0	0
1429550807570726	307	689	2	0	1	0	0
1429550807676219	310	687	1	0	1	0	0
1429550807788929	313	685	0	0	1	0	0
1429550807908578	315	683	0	0	1	0	0
1429550808024045	316	681	1	0	1	0	0
1429550808135631	319	678	1	0	1	0	0
1429550808263418	323	676	0	1	1	0	0
1429550808371616	325	674	0	1	1	0	0
1429550808485023	326	672	0	0	1	0	0
1429550808588517	327	670	1	0	1	0	0
1429550808712353	331	668	0	1	1	0	0
1429550808826729	333	665	0	0	1	0	0
1429550808938569	335	662	1	0	1	0	0
1429550809054251	338	660	0	0	1	0	0
1429550809171935	340	657	1	0	1	0	0
1429550809296132	342	655	1	0	1	0	0
1429550809405654	344	653	1	0	1	0	0
1429550809508983	347	651	0	0	1	0	0
1429550809622963	349	649	0	0	1	0	0
1429550809735029	351	647	0	0	1	0	0
1429550809845265	352	645	1	0	1	0	0
1429550809952708	355	644	0	1	1	0	0
1429550810074928	357	641	0	0	1	0	0
1429550810196782	359	639	0	0	1	0	0
1429550810313812	360	637	1	0	1	0	0
1429550810420759	362	636	0	0	1	0	0
1429550810524172	364	634	0	0	1	0	0
1429550810627544	366	632	0	0	1	0	0
1429550810745715	369	630	0	1	1	0	0
1429550810855686	370	627	1	0	1	0	0
1429550810962974	373	625	0	0	1	0	0
1429550811073338	375	623	1	1	1	0	0
1429550811183123	377	621	1	1	1	0	0
1429550811289022	379	619	0	0	1	0	0
1429550811397024	381	617	1	1	1	0	0
1429550811515766	382	615	1	0	1	0	0
1429550811617612	385	613	0	0	1	0	0
1429550811740652	387	611	0	0	1	0	0
1429550811846014	389	609	0	0	1	0	0
1429550811948957	391	607	0	0	1	0	0
1429550812061545	393	605	0	0	1	0	0
1429550812189027	395	603	0	0	1	0	0
1429550812300534	397	601	0	0	1	0	0
1429550812410163	400	598	0	0	1	0	0
1429550812519594	402	596	0	0	1	0	0
1429550812626387	404	594	0	0	1	0	0
1429550812752980	406	592	0	0	1	0	0
1429550812865750	408	590	0	0	1	0	0
1429550812975697	410	587	1	0	1	0	0
1429550813096107	414	584	0	0	1	0	0
1429550813204569	416	582	0	0	1	0	0
1429550813311829	418	580	0	0	1	0	0
1429550813415267	421	577	0	0	1	0	0
1429550813523001	423	574	1	0	1	0	0
1429550813628863	426	572	0	0	1	0	0
1429550813762054	429	569	0	0	1	0	0
1429550813869436	432	566	0	0	1	0	0
1429550813982347	434	564	0	0	1	0	0
1429550814093769	436	562	0	0	1	0	0
1429550814198835	438	559	1	0	1	0	0
1429550814319108	441	557	0	0	1	0	0
1429550814430339	444	554	0	0	1	0	0
1429550814544136	445	553	0	0	1	0	0
1429550814668398	447	550	1	0	1	0	0
1429550814780380	450	548	0	0	1	0	0
1429550814885096	452	546	0	0	1	0	0
1429550814992750	454	544	0	0	1	0	0
1429550815107622	458	540	0	0	1	0	0
1429550815223599	459	538	2	1	1	0	0
1429550815325907	462	536	0	0	1	0	0
1429550815433883	464	533	1	0	1	0	0
1429550815545882	467	531	0	0	1	0	0
1429550815663489	469	529	0	0	1	0	0
1429550815790197	470	526	2	0	1	0	0
1429550815896408	472	523	3	0	1	0	0
1429550815998786	474	521	3	0	1	0	0
1429550816106589	476	519	3	0	1	0	0
1429550816214575	479	517	2	0	1	0	0
1429550816329873	483	514	1	0	1	0	0
1429550816451519	485	511	2	0	1	0	0
1429550816560284	489	509	0	0	1	0	0
1429550816675132	491	506	1	0	1	0	0
1429550816783631	493	504	1	0	1	0	0
1429550816887643	496	501	1	0	1	0	0
1429550816998353	498	498	2	0	1	0	0
1429550817101233	501	495	2	0	1	0	0
1429550817207317	504	492	2	0	1	0	0
1429550817320233	507	489	2	0	1	0	0
1429550817433795	510	486	2	0	1	0	0
1429550817551973	512	484	2	0	1	0	0
1429550817661557	515	479	4	0	1	0	0
1429550817763758	518	477	3	0	1	0	0
1429550817875113	521	474	3	0	1	0	0
1429550817979769	524	470	4	0	1	0	0
1429550818085083	527	466	5	0	1	0	0
1429550818198515	529	463	6	0	1	0	0
1429550818301601	532	461	5	0	1	0	0
1429550818416003	535	458	5	0	1	0	0
1429550818520915	539	456	3	0	1	0	0
1429550818633412	541	453	4	0	1	0	0
1429550818747013	545	449	4	0	1	0	0
1429550818854973	548	446	4	0	1	0	0
1429550818972493	551	443	4	0	1	0	0
1429550819077787	554	440	4	0	1	0	0
1429550819187233	556	438	4	0	1	0	0
1429550819305773	559	436	3	0	1	0	0
1429550819421100	562	433	3	0	1	0	0
1429550819530847	565	431	2	0	1	0	0
1429550819644524	568	428	2	0	1	0	0
1429550819753666	571	424	3	0	1	0	0
1429550819862420	573	421	4	0	1	0	0
1429550819964347	575	418	5	0	1	0	0
1429550820069738	579	415	4	0	1	0	0
1429550820192188	581	413	4	0	1	0	0
1429550820314700	585	410	3	0	1	0	0
1429550820426268	588	407	3	0	1	0	0
1429550820539596	591	404	3	0	1	0	0
1429550820652444	594	401	3	0	1	0	0
1429550820766857	597	398	3	0	1	0	0
1429550820875705	599	395	4	0	1	0	0
1429550820978979	602	389	7	0	1	0	0
1429550821085398	605	384	9	0	1	0	0
1429550821198330	608	380	10	0	1	0	0
1429550821311201	611	376	11	0	1	0	0
1429550821423362	613	373	12	0	1	0	0
1429550821528535	617	369	12	0	1	0	0
1429550821632971	619	367	12	0	1	0	0
1429550821735142	622	363	13	0	1	0	0
1429550821841653	625	359	14	0	1	0	0
1429550821959474	629	356	13	0	1	0	0
1429550822079605	632	352	14	0	1	0	0
1429550822201937	634	348	16	0	1	0	0
1429550822311697	637	345	16	0	1	0	0
1429550822422201	640	341	17	0	1	0	0
1429550822536421	644	336	18	0	1	0	0
1429550822638601	646	333	19	0	1	0	0
1429550822750918	649	330	19	0	1	0	0
1429550822863135	651	326	21	0	1	0	0
1429550822971588	654	322	22	0	1	0	0
1429550823088581	657	319	22	0	1	0	0
1429550823202917	660	315	23	0	1	0	0
1429550823311565	663	311	24	0	1	0	0
1429550823414804	666	308	24	0	1	0	0
1429550823518784	670	303	25	0	1	0	0
1429550823628299	673	300	25	0	1	0	0
1429550823742504	676	296	26	0	1	0	0
1429550823851541	679	292	27	0	1	0	0
1429550823963926	682	288	28	0	1	0	0
1429550824071061	685	285	28	0	1	0	0
1429550824175769	688	280	30	0	1	0	0
1429550824290243	691	275	32	0	1	0	0
1429550824400726	693	272	33	0	1	0	0
1429550824510985	697	266	35	0	1	0	0
1429550824617280	699	263	36	0	1	0	0
1429550824729047	702	259	37	0	1	0	0
1429550824843075	706	255	37	0	1	0	0
1429550824951694	708	251	39	0	1	0	0
1429550825059827	710	247	41	0	1	0	0
1429550825183790	713	244	41	0	1	0	0
1429550825320235	716	239	43	0	1	0	0
1429550825429648	720	235	43	0	1	0	0
1429550825539666	723	231	44	0	1	0	0
1429550825648286	725	229	44	0	1	0	0
1429550825755004	728	225	45	0	1	0	0
1429550825868477	731	222	45	0	1	0	0
1429550825971137	734	220	44	0	1	0	0
1429550826077722	736	217	45	0	1	0	0
1429550826207826	740	213	45	0	1	0	0
1429550826316360	742	208	48	0	1	0	0
1429550826435380	745	204	49	0	1	0	0
1429550826549362	749	199	50	0	1	0	0
1429550826651954	752	194	52	0	1	0	0
1429550826767317	754	189	55	0	1	0	0
1429550826883821	758	186	54	0	1	0	0
1429550826992476	760	182	56	0	1	0	0
1429550827102111	763	179	56	0	1	0	0
1429550827212300	766	175	57	0	1	0	0
1429550827318651	769	172	57	0	1	0	0
1429550827430434	772	166	60	0	1	0	0
1429550827551572	774	160	64	0	1	0	0
1429550827660261	776	159	63	0	1	0	0
1429550827762210	779	156	63	0	1	0	0
1429550827874536	782	152	64	0	1	0	0
1429550827987014	786	148	64	0	1	0	0
1429550828089573	788	146	64	0	1	0	0
1429550828194968	791	142	65	0	1	0	0
1429550828315451	795	137	66	0	1	0	0
1429550828429652	798	134	66	0	1	0	0
1429550828535670	801	130	67	0	1	0	0
1429550828642938	803	125	70	0	1	0	0
1429550828749062	805	121	72	0	1	0	0
1429550828854029	809	116	73	0	1	0	0
1429550828965616	812	116	70	0	1	0	0
1429550829074257	815	116	67	0	1	0	0
1429550829191914	818	116	64	0	1	0	0
1429550829305535	821	116	61	0	1	0	0
1429550829416014	824	116	58	0	1	0	0
1429550829525451	827	116	55	0	1	0	0
1429550829635667	830	116	52	0	1	0	0
1429550829748437	833	112	53	0	1	0	0
1429550829857278	835	112	51	0	1	0	0
1429550829966437	838	112	48	0	1	0	0
1429550830075533	842	112	44	0	1	0	0
1429550830183661	844	111	43	0	1	0	0
1429550830292380	847	108	43	0	1	0	0
1429550830402816	850	107	41	0	1	0	0
1429550830512487	852	107	39	0	1	0	0
1429550830626356	855	104	39	0	1	0	0
1429550830734695	858	103	37	0	1	0	0
1429550830851725	861	102	35	0	1	0	0
1429550830967455	864	99	35	0	1	0	0
1429550831072585	867	97	34	0	1	0	0
1429550831182101	870	95	33	0	1	0	0
1429550831305821	873	92	33	0	1	0	0
1429550831408486	877	90	31	0	1	0	0
1429550831523582	879	88	31	0	1	0	0
1429550831631612	882	88	28	0	1	0	0
1429550831772842	886	88	24	0	1	0	0
1429550831880392	889	84	25	0	1	0	0
1429550831995515	892	81	25	0	1	0	0
1429550832102830	895	77	26	0	1	0	0
1429550832217269	898	75	25	0	1	0	0
1429550832325613	901	73	24	0	1	0	0
1429550832440013	903	70	25	0	1	0	0
1429550832542995	906	67	25	0	1	0	0
1429550832648152	909	67	22	0	1	0	0
1429550832752019	912	65	21	0	1	0	0
1429550832866155	915	64	19	0	1	0	0
1429550832968490	917	63	18	0	1	0	0
1429550833080307	920	59	19	0	1	0	0
1429550833199577	923	57	18	0	1	0	0
1429550833303790	927	53	18	0	1	0	0
1429550833416832	930	53	15	0	1	0	0
1429550833529257	933	53	12	0	1	0	0
1429550833636957	936	48	14	0	1	0	0
1429550833750733	939	47	12	0	1	0	0
1429550833870483	942	46	10	0	1	0	0
1429550833973345	945	42	11	0	1	0	0
1429550834082989	948	37	13	0	1	0	0
1429550834196439	951	36	11	0	1	0	0
1429550834307840	954	31	13	0	1	0	0
1429550834420687	956	30	12	0	1	0	0
1429550834526929	959	30	9	0	1	0	0
1429550834639502	962	26	10	0	1	0	0
1429550834747740	965	23	10	0	1	0	0
1429550834855088	968	22	8	0	1	0	0
1429550834963319	971	20	7	0	1	0	0
1429550835077417	975	20	3	0	1	0	0
1429550835187549	978	17	3	0	1	0	0
1429550835293968	981	13	4	0	1	0	0
1429550835399803	983	11	4	0	1	0	0
1429550835509972	987	8	3	0	1	0	0
1429550835636151	990	5	3	0	1	0	0
1429550835762243	993	2	3	0	1	0	0
1429550835872382	997	1	0	0	1	0	0
1429550835983442	1000	0	0	1	1	0	0
1429550836087205	1000	0	0	1	1	0	0
1429550836088013	1000	0	0	1	1	0	0
The number of ZHT message is:3321
